20
1 1 1 0
2 3 3 0
3 3 1 0
4 1.666666666668519 1.666666666668519 0
5 2.333333333334262 2.333333333334262 0
6 3 2.000000000005506 0
7 2.000000000005506 1 0
8 2.400000000001658 1.600000000001657 0
9 -1.555500 2.666600 0.000000
10 -1.555500 2.666600 0.000000
11 -1.555500 2.666600 0.000000
12 -1.555500 2.666600 0.000000
13 -1.555500 2.666600 0.000000
14 -1.555500 2.666600 0.000000
15 -1.555500 2.666600 0.000000
16 -1.555500 2.666600 0.000000
17 -1.555500 2.666600 0.000000
18 -1.555500 2.666600 0.000000
19 -1.555500 2.666600 0.000000
20 -1.555500 2.666600 0.000000